(('Mark', 'doc_0083f96142e309a16184af56d033929c'), [4])
(('Mark', 'doc_0c71899592bf2e981c54f458e7638ed2'), [6])
(('Mark', 'doc_2025bf266e0af10c1daca69a4d14a0df'), [3, 55312, 56063, 56330])
(('Mark', 'doc_2c38d1594a03db16c19c1b9282a5f9db'), [4, 13611, 101127, 132593, 132600, 132636, 134151, 134213, 134316, 134531, 134611, 134678])
(('Mark', 'doc_33bf09c6a0ac73a92fdc36c4b5db06a5'), [5092, 5146, 5374, 5724, 6085, 6414, 19352])
(('Mark', 'doc_3cb7d3100d16da6697cc472aad6aee38'), [6])
(('Mark', 'doc_40825e5a40ec1d6d584b71aae250e4ec'), [5])
(('Mark', 'doc_47baed31983a502d2b989e96c52ff071'), [20586, 20858, 20956, 20993, 21064, 21118, 21288])
(('Mark', 'doc_4efcdfd30be886b5c1fa2e041ff0a8ea'), [4, 7])
(('Mark', 'doc_5d8d307f0c2b25b2b36c343a86dbe45d'), [3, 875, 61755, 61765, 63080, 63202, 63226, 63285, 63298, 63314, 63337, 63371, 63408, 63468, 63546, 64479, 65100, 65163, 66980, 68304, 85642])
(('Mark', 'doc_6d9b6c6cff2d0c07d1cf458fbcc6b9e3'), [4866, 5240, 5282, 5725])
(('Mark', 'doc_727e096b90368fbd3e563f9e7d2403ff'), [1091, 1140, 43885, 43893, 62143, 62149, 64269, 65181, 65317, 113473])
(('Mark', 'doc_75b384aee740c414562f0dc72c20c0a5'), [6])
(('Mark', 'doc_7898e25cb2f649bcbd5f1b0f1ca4f3af'), [11])
(('Mark', 'doc_8a064da8c814273b4787f5dd6add9cc7'), [6])
(('Mark', 'doc_8ccd01d1c34aca196afa46c8624215b0'), [5])
(('Mark', 'doc_96524a4596ce2717e9935a1999439643'), [8])
(('Mark', 'doc_96a8f573918cbb8834d5ea9f912d9919'), [5, 6169, 7898, 8045, 8061, 8122, 8620, 8679, 8713, 8730, 8746, 8766, 8768, 9084, 9117, 9282, 9491, 9726, 9844, 10317, 10534, 10566])
(('Mark', 'doc_9aa9a9bc5644d0f4e9df1737551c56c5'), [5, 2448, 6704, 7014, 7124, 7325, 8058, 8194, 8453, 9460, 18117, 26437, 34938, 37413, 40756, 40784, 40790, 40793, 42430, 51407, 59245, 60039, 60092, 60663, 65982, 73602, 83426, 86100, 92035, 92063, 92367])
(('Mark', 'doc_9d783c735db5f540f31616e9d40e7b00'), [5, 20561, 44727, 91097, 91393, 92015, 92046, 97015, 97423, 97714, 97852])
(('Mark', 'doc_a50ebf8e305147f83fc4658daa28d3a6'), [107, 164, 238, 291, 569, 1116, 1439, 1675, 1725, 1893, 1988, 2127, 2430, 2637, 2847, 2850, 2925, 3022, 3094, 3214, 3277, 3342, 3751, 4031, 4111, 4210, 4246, 4289, 4309, 4364, 4496, 4697, 4865, 4874, 5221, 5322, 5449, 5704, 6186, 6286, 6413, 6561, 6589, 6639, 7776, 7796, 8027, 12072, 12252, 13559, 13592, 14628, 14716, 18076, 18122, 18428, 19360, 21921, 21966, 22040, 24922, 28311, 29018, 29714, 31287, 31297, 31364, 31367, 31372, 32063, 32469, 33280, 33370, 33423, 33502, 33521, 33814, 33855, 34006, 34115, 34286, 34471, 34587, 34742, 35959, 36035, 36328, 36399, 37597, 38410, 38796, 38985, 40435, 41189, 43288, 43895, 45904, 48543, 48663, 48740, 49660, 51275, 51405, 51723, 52680, 52737, 52778, 53330, 53462, 53632, 53657, 54803, 54820, 55713, 56624, 56784, 57879, 57965, 58016, 58065, 58151, 59288, 59794, 60025, 60031, 60319, 60371, 60669, 61539, 61987, 62811, 62839, 62869, 62912, 62933, 63092, 63191, 63195, 63931, 63942, 64033, 64085, 64804, 64854, 65566, 66276, 66352, 66866, 66917, 66968, 67872, 68157, 68179, 68211, 68446, 68721, 68759, 69348, 69452, 69940, 70527, 70551, 70662, 71068, 71166, 71640, 71954, 73214, 74354, 74384, 74791, 75363, 75651, 75840, 75929, 76037, 77402, 77533, 77780, 77981, 78194, 79415, 80135, 80244, 80437, 81091, 81626, 81677, 81799, 82049, 83496, 83521, 83555, 83784, 85055, 85795, 86232, 86868, 87785, 87850, 87944, 89146, 89176, 89606, 89903, 90563, 90969, 90988, 91507, 92798, 92823, 92952, 93098, 93284, 94426, 94764, 96192, 96214, 96331, 97546, 98366, 98744, 98890, 100536, 100896, 101298, 101434, 102376, 102547, 104990, 105400, 106328, 106370, 106612, 107547, 107579, 108522, 109716, 109770, 109772, 112271, 112341, 112462, 113805, 113848, 113901, 113977, 114090, 114442, 115987, 116359, 116828, 117247, 118885, 118999, 120129, 120930, 121485, 121674, 122094, 122148, 123357, 123425, 123900, 125489, 126363, 126613, 126674, 126830, 126898, 127142, 127608, 127662, 127768, 128303, 128631, 128645, 128721, 129919, 130277, 130837, 131151, 131242, 131672, 131797, 132865, 135775, 135859, 135910, 136567, 136842, 139086, 139211, 141129, 141808, 142340, 143354, 144247, 144299, 145397, 145527, 145592, 146845, 147661, 147809, 148272, 148494, 148518, 148539, 148623, 148677, 148694, 149206, 150132, 150574, 150621, 150782, 150997, 151018, 151089, 151364, 151385, 151402, 151811, 152311, 152381, 153133, 153365, 155812, 156304, 156345, 156765, 156836, 156894, 157423, 157444, 157556, 158188, 158220, 158246, 158268, 158394, 158836, 160448, 160706, 160721, 160772, 161682, 161733, 162837, 163289, 163365, 163800, 164657, 165176, 165325, 165648, 166980, 167188, 167552, 167704, 168661, 169600, 169888, 169994, 172937, 173876, 174063, 175236, 176974, 177434, 178616, 178740, 178933, 179063, 179114, 180730, 182298, 182437, 182707, 183487, 184192, 184267, 184669, 184703, 187941, 188177, 188201, 188915, 189364, 189750, 189921, 191336, 193886, 194301, 194515, 195096, 195954, 196961, 197977, 199274, 200151, 201367, 201382, 201821, 203047, 203183, 203866, 206465, 206482, 207321, 210442, 212656, 213369, 213413, 213430, 214914, 215712, 216698, 219503, 219521, 219571, 219756, 219793, 221345, 222100, 223204, 224203, 225484, 226323, 227307, 228105, 230720, 230893, 231183, 234214, 234885, 236266, 236922, 237265, 237497, 237703, 237771, 237960, 238233, 238838, 239175, 239965, 240039, 241049, 242293, 242335, 244182, 245601, 245636, 245815, 246751, 247841, 248032, 248807, 249022, 249807, 249812, 249882, 250064, 250082, 250274, 250876, 250933, 251182, 251390, 251415, 251437, 251471, 251491, 251607, 251614, 251724, 251914, 252015, 252111, 252585, 253601, 253825, 253872, 255345, 257312, 258344, 258421, 258585, 258636, 259071, 259191, 260823, 261976, 262623, 263507, 263551, 264965, 265316, 265666, 266058, 266335, 266370, 266400, 267039, 267338, 269239, 269612, 269899, 269980, 270007, 270037, 270060, 270574, 270756, 270915, 271116, 271610, 271622, 271729, 271779, 272132, 272175, 272416, 272625, 272656, 272933, 273292, 273554, 274596, 274914, 275230, 276203, 276469, 277675, 277742, 278511, 278978, 279346, 279733, 279746, 280618, 281061, 281075, 281243, 281309, 282441])
(('Mark', 'doc_a55b16cdd4290e66a8c1754d03fda974'), [8])
(('Mark', 'doc_b1b37783ab92b23bbd55368f352396e2'), [6, 68805])
(('Mark', 'doc_ba4edba1674b05082667471ef5786cd2'), [9, 119266, 119362])
(('Mark', 'doc_c900c5814032e25c2caf5f75bd34b85e'), [8, 463, 8902])
(('Mark', 'doc_d1bd1e621603e0e0da7fe1a32b704664'), [7, 499])
(('Mark', 'doc_d53a74782995c645df9feb2a3149fbf7'), [5, 16898, 16923, 16971, 17010, 17037, 17067, 17244, 17263, 17498, 17508, 17550, 17578, 17661, 17687, 17704, 17816, 17826, 17846, 17861, 17885, 17922, 17947, 17987, 18054, 18183, 18284, 18424, 18537, 18566, 18580, 18614, 18770, 18796, 18947, 19118, 19208, 19249, 19344, 19394, 19405, 19642, 19680, 19905, 20046, 20060, 20076, 20140, 20158, 20175, 20192, 20277, 20388, 20414, 20694, 20788, 20815, 20863, 20926, 20969, 20977, 21129, 21170, 21202, 21268, 21334, 21385, 21392, 21472, 21492, 22394, 22572, 22632])
(('Mark', 'doc_d88f33ec41ca84e14fc8d02fc64af188'), [4])
(('Mark', 'doc_d88f700e8f7fc4acaa5c17937a344a42'), [29058, 41543, 59641, 59752, 65810, 72757])
(('Mark', 'doc_e50563ad48b5a8b8545dbfbf5bf1a76b'), [11])
(('Mark', 'doc_e818d65f5dc37ac8bb5d0a945fec95da'), [19986, 110344, 110706])
(('Mark', 'doc_e8cdcda76e8cb84ddf28430d847d1609'), [9, 81296])
(('Mark', 'doc_e92a6563c4351a37231fe3a0637bcd89'), [3, 193])
(('Mark', 'doc_f392995e353a79478b132d3e786af414'), [8, 32363, 57018, 70009, 70088, 70247, 70402, 71594, 72135, 72176, 72835, 72849, 72957, 73075, 73417, 74074, 74901, 83095, 83170])
(('Mark', 'doc_f5a034ec1f690b4ef9535a3a4ffa71fb'), [3, 108298])
(('Mark', 'doc_fe41d17e106649e0babbaa0ed562f17e'), [1536])
(('Marked', 'doc_f5a034ec1f690b4ef9535a3a4ffa71fb'), [1994, 95494])
(('Market', 'doc_5d8d307f0c2b25b2b36c343a86dbe45d'), [1514])
(('Market', 'doc_a50ebf8e305147f83fc4658daa28d3a6'), [24656])
(('Market', 'doc_e818d65f5dc37ac8bb5d0a945fec95da'), [78682, 88897])
(('Market', 'doc_e8cdcda76e8cb84ddf28430d847d1609'), [149056, 150958])
(('Market', 'doc_f5a034ec1f690b4ef9535a3a4ffa71fb'), [1234])
(('Market', 'doc_fe41d17e106649e0babbaa0ed562f17e'), [9951, 12734])
(('Marking', 'doc_f5a034ec1f690b4ef9535a3a4ffa71fb'), [848])
(('Markiss', 'doc_f5a034ec1f690b4ef9535a3a4ffa71fb'), [156404, 157439, 157533])
(('Markland', 'doc_b1b37783ab92b23bbd55368f352396e2'), [70917])
(('Markland', 'doc_f392995e353a79478b132d3e786af414'), [77178])
(('Marks', 'doc_5d8d307f0c2b25b2b36c343a86dbe45d'), [67126])
